     eta max_depth gamma colsample_bytree min_child_weight subsample nrounds       ROC      Sens Spec      Gini
1  0.020         4     0              0.7              100       0.7     100 0.6248239 1.0000000    0 0.2496478
11 0.020         4     1              0.7              100       0.7     100 0.6246923 1.0000000    0 0.2493847
21 0.020         4     5              0.7              100       0.7     100 0.6242325 1.0000000    0 0.2484650
31 0.025         4     0              0.7              100       0.7     100 0.6260876 1.0000000    0 0.2521751
41 0.025         4     1              0.7              100       0.7     100 0.6260301 1.0000000    0 0.2520603
51 0.025         4     5              0.7              100       0.7     100 0.6257126 1.0000000    0 0.2514252
2  0.020         4     0              0.7              100       0.7     200 0.6327585 1.0000000    0 0.2655171
12 0.020         4     1              0.7              100       0.7     200 0.6329772 1.0000000    0 0.2659544
22 0.020         4     5              0.7              100       0.7     200 0.6327764 1.0000000    0 0.2655528
32 0.025         4     0              0.7              100       0.7     200 0.6356244 1.0000000    0 0.2712487
42 0.025         4     1              0.7              100       0.7     200 0.6355400 1.0000000    0 0.2710801
52 0.025         4     5              0.7              100       0.7     200 0.6358706 1.0000000    0 0.2717411
3  0.020         4     0              0.7              100       0.7     300 0.6377609 1.0000000    0 0.2755218
13 0.020         4     1              0.7              100       0.7     300 0.6381021 1.0000000    0 0.2762042
23 0.020         4     5              0.7              100       0.7     300 0.6377675 1.0000000    0 0.2755349
33 0.025         4     0              0.7              100       0.7     300 0.6398147 1.0000000    0 0.2796293
43 0.025         4     1              0.7              100       0.7     300 0.6395365 1.0000000    0 0.2790729
53 0.025         4     5              0.7              100       0.7     300 0.6399251 1.0000000    0 0.2798503
4  0.020         4     0              0.7              100       0.7     400 0.6403668 1.0000000    0 0.2807336
14 0.020         4     1              0.7              100       0.7     400 0.6405365 1.0000000    0 0.2810730
24 0.020         4     5              0.7              100       0.7     400 0.6403315 1.0000000    0 0.2806631
34 0.025         4     0              0.7              100       0.7     400 0.6415815 1.0000000    0 0.2831630
44 0.025         4     1              0.7              100       0.7     400 0.6413073 1.0000000    0 0.2826147
54 0.025         4     5              0.7              100       0.7     400 0.6416828 1.0000000    0 0.2833656
5  0.020         4     0              0.7              100       0.7     500 0.6416293 1.0000000    0 0.2832587
15 0.020         4     1              0.7              100       0.7     500 0.6419272 1.0000000    0 0.2838545
25 0.020         4     5              0.7              100       0.7     500 0.6417405 1.0000000    0 0.2834810
35 0.025         4     0              0.7              100       0.7     500 0.6424199 1.0000000    0 0.2848398
45 0.025         4     1              0.7              100       0.7     500 0.6420973 1.0000000    0 0.2841947
55 0.025         4     5              0.7              100       0.7     500 0.6426556 1.0000000    0 0.2853112
6  0.020         4     0              0.7              100       0.7     600 0.6424367 1.0000000    0 0.2848734
16 0.020         4     1              0.7              100       0.7     600 0.6427521 1.0000000    0 0.2855043
26 0.020         4     5              0.7              100       0.7     600 0.6424339 1.0000000    0 0.2848678
36 0.025         4     0              0.7              100       0.7     600 0.6427388 1.0000000    0 0.2854777
46 0.025         4     1              0.7              100       0.7     600 0.6425614 1.0000000    0 0.2851227
56 0.025         4     5              0.7              100       0.7     600 0.6431203 1.0000000    0 0.2862407
7  0.020         4     0              0.7              100       0.7     700 0.6427691 1.0000000    0 0.2855382
17 0.020         4     1              0.7              100       0.7     700 0.6431010 1.0000000    0 0.2862020
27 0.020         4     5              0.7              100       0.7     700 0.6428777 1.0000000    0 0.2857553
37 0.025         4     0              0.7              100       0.7     700 0.6428410 1.0000000    0 0.2856819
47 0.025         4     1              0.7              100       0.7     700 0.6427779 1.0000000    0 0.2855558
57 0.025         4     5              0.7              100       0.7     700 0.6433596 1.0000000    0 0.2867193
8  0.020         4     0              0.7              100       0.7     800 0.6429051 1.0000000    0 0.2858103
18 0.020         4     1              0.7              100       0.7     800 0.6434152 1.0000000    0 0.2868303
28 0.020         4     5              0.7              100       0.7     800 0.6430631 1.0000000    0 0.2861263
38 0.025         4     0              0.7              100       0.7     800 0.6428244 1.0000000    0 0.2856489
48 0.025         4     1              0.7              100       0.7     800 0.6427917 1.0000000    0 0.2855835
58 0.025         4     5              0.7              100       0.7     800 0.6433949 1.0000000    0 0.2867898
9  0.020         4     0              0.7              100       0.7     900 0.6429601 1.0000000    0 0.2859202
19 0.020         4     1              0.7              100       0.7     900 0.6434168 1.0000000    0 0.2868335
29 0.020         4     5              0.7              100       0.7     900 0.6431200 1.0000000    0 0.2862400
39 0.025         4     0              0.7              100       0.7     900 0.6428004 0.9999983    0 0.2856009
49 0.025         4     1              0.7              100       0.7     900 0.6428009 0.9999983    0 0.2856018
59 0.025         4     5              0.7              100       0.7     900 0.6434738 1.0000000    0 0.2869475
10 0.020         4     0              0.7              100       0.7    1000 0.6430743 1.0000000    0 0.2861486
20 0.020         4     1              0.7              100       0.7    1000 0.6434234 1.0000000    0 0.2868469
30 0.020         4     5              0.7              100       0.7    1000 0.6432200 1.0000000    0 0.2864400
40 0.025         4     0              0.7              100       0.7    1000 0.6427219 0.9999983    0 0.2854438
50 0.025         4     1              0.7              100       0.7    1000 0.6426196 0.9999983    0 0.2852393
60 0.025         4     5              0.7              100       0.7    1000 0.6433147 1.0000000    0 0.2866293
         ROCSD       SensSD SpecSD      GiniSD
1  0.004942294 0.000000e+00      0 0.009884589
11 0.004720658 0.000000e+00      0 0.009441316
21 0.005016772 0.000000e+00      0 0.010033544
31 0.004937413 0.000000e+00      0 0.009874826
41 0.004755670 0.000000e+00      0 0.009511339
51 0.004336354 0.000000e+00      0 0.008672707
2  0.004531752 0.000000e+00      0 0.009063504
12 0.004584215 0.000000e+00      0 0.009168430
22 0.004556618 0.000000e+00      0 0.009113237
32 0.004343800 0.000000e+00      0 0.008687601
42 0.004552162 0.000000e+00      0 0.009104324
52 0.004031803 0.000000e+00      0 0.008063605
3  0.003862549 0.000000e+00      0 0.007725098
13 0.004038862 0.000000e+00      0 0.008077723
23 0.004158581 0.000000e+00      0 0.008317162
33 0.003955150 0.000000e+00      0 0.007910300
43 0.003848391 0.000000e+00      0 0.007696782
53 0.003485086 0.000000e+00      0 0.006970173
4  0.003650450 0.000000e+00      0 0.007300900
14 0.003763365 0.000000e+00      0 0.007526731
24 0.003746321 0.000000e+00      0 0.007492643
34 0.003836519 0.000000e+00      0 0.007673038
44 0.003546771 0.000000e+00      0 0.007093541
54 0.003474143 0.000000e+00      0 0.006948287
5  0.003468308 0.000000e+00      0 0.006936616
15 0.003467651 0.000000e+00      0 0.006935303
25 0.003547724 0.000000e+00      0 0.007095449
35 0.003737367 0.000000e+00      0 0.007474734
45 0.003465332 0.000000e+00      0 0.006930665
55 0.003548695 0.000000e+00      0 0.007097391
6  0.003459109 0.000000e+00      0 0.006918219
16 0.003505796 0.000000e+00      0 0.007011593
26 0.003540128 0.000000e+00      0 0.007080257
36 0.003672254 0.000000e+00      0 0.007344509
46 0.003533771 0.000000e+00      0 0.007067542
56 0.003803422 0.000000e+00      0 0.007606845
7  0.003489863 0.000000e+00      0 0.006979727
17 0.003529707 0.000000e+00      0 0.007059415
27 0.003648219 0.000000e+00      0 0.007296439
37 0.003607967 0.000000e+00      0 0.007215934
47 0.003729673 0.000000e+00      0 0.007459347
57 0.003793997 0.000000e+00      0 0.007587994
8  0.003657109 0.000000e+00      0 0.007314218
18 0.003601284 0.000000e+00      0 0.007202568
28 0.003807145 0.000000e+00      0 0.007614291
38 0.003719477 0.000000e+00      0 0.007438953
48 0.003932510 0.000000e+00      0 0.007865021
58 0.003920974 0.000000e+00      0 0.007841948
9  0.003757627 0.000000e+00      0 0.007515255
19 0.003755676 0.000000e+00      0 0.007511353
29 0.003933149 0.000000e+00      0 0.007866298
39 0.003707458 3.898883e-06      0 0.007414916
49 0.004204408 3.898883e-06      0 0.008408815
59 0.004069442 0.000000e+00      0 0.008138884
10 0.003890782 0.000000e+00      0 0.007781564
20 0.003809333 0.000000e+00      0 0.007618665
30 0.003986272 0.000000e+00      0 0.007972543
40 0.003936616 3.898883e-06      0 0.007873231
50 0.004125761 3.898883e-06      0 0.008251522
60 0.004034475 0.000000e+00      0 0.008068950
     eta max_depth gamma colsample_bytree min_child_weight subsample nrounds       ROC Sens Spec      Gini
59 0.025         4     5              0.7              100       0.7     900 0.6434738    1    0 0.2869475
         ROCSD SensSD SpecSD      GiniSD
59 0.004069442      0      0 0.008138884
